x,y,theta,fitness,attachment_length_max,attachment_length_mean,attachment_length_std,joint_brick_ratio,symmetry_incl_sum,symmetry_excl_sum,coverage,branching,surface
0.0,0.0,0.0,2.8291941864515824,0.4482758620689655,0.25,0.40463975747982717,1.0,2.9251231527093595,2.9251231527093595,0.1282051282051282,1.0,0.1895910780669145
-6.959376031683276e-05,-5.236040503175902e-05,-143.04321734949949,2.8291941864515824,0.4482758620689655,0.25,0.40463975747982717,1.0,2.9251231527093595,2.9251231527093595,0.1282051282051282,1.0,0.1895910780669145
-9.751141294231642e-05,-0.00010046581439742373,-134.14504222112774,2.8291941864515824,0.4482758620689655,0.25,0.40463975747982717,1.0,2.9251231527093595,2.9251231527093595,0.1282051282051282,1.0,0.1895910780669145
-0.00023090629099465878,0.0005799752945483815,111.70904721254163,2.8291941864515824,0.4482758620689655,0.25,0.40463975747982717,1.0,2.9251231527093595,2.9251231527093595,0.1282051282051282,1.0,0.1895910780669145
-0.002202338229634182,-0.00030700849605758417,-172.06404400624115,2.8291941864515824,0.4482758620689655,0.25,0.40463975747982717,1.0,2.9251231527093595,2.9251231527093595,0.1282051282051282,1.0,0.1895910780669145
-0.022587252613683568,-0.020170760749988425,-138.23466053606313,2.8291941864515824,0.4482758620689655,0.25,0.40463975747982717,1.0,2.9251231527093595,2.9251231527093595,0.1282051282051282,1.0,0.1895910780669145
-0.002536757729321875,-0.032919205727779656,-94.40651070398829,2.8291941864515824,0.4482758620689655,0.25,0.40463975747982717,1.0,2.9251231527093595,2.9251231527093595,0.1282051282051282,1.0,0.1895910780669145
-0.0008314327515399902,-0.030960023482667878,-91.53831086794291,2.8291941864515824,0.4482758620689655,0.25,0.40463975747982717,1.0,2.9251231527093595,2.9251231527093595,0.1282051282051282,1.0,0.1895910780669145
-0.0001809207913790003,-0.06722613554325169,-90.15419557680326,2.8291941864515824,0.4482758620689655,0.25,0.40463975747982717,1.0,2.9251231527093595,2.9251231527093595,0.1282051282051282,1.0,0.1895910780669145
-0.0009605495840227649,-0.09657656002901516,-90.56984451006274,2.8291941864515824,0.4482758620689655,0.25,0.40463975747982717,1.0,2.9251231527093595,2.9251231527093595,0.1282051282051282,1.0,0.1895910780669145
0.031105735639850335,-0.10408398648051133,-73.36110515583394,2.8291941864515824,0.4482758620689655,0.25,0.40463975747982717,1.0,2.9251231527093595,2.9251231527093595,0.1282051282051282,1.0,0.1895910780669145
0.0678188339941176,-0.11705754047851845,-59.91357505408881,2.8291941864515824,0.4482758620689655,0.25,0.40463975747982717,1.0,2.9251231527093595,2.9251231527093595,0.1282051282051282,1.0,0.1895910780669145
0.07284486496677467,-0.15761997305937672,-65.19574274326206,2.8291941864515824,0.4482758620689655,0.25,0.40463975747982717,1.0,2.9251231527093595,2.9251231527093595,0.1282051282051282,1.0,0.1895910780669145
0.1282046693454461,-0.12029235948315495,-43.17628060577571,2.8291941864515824,0.4482758620689655,0.25,0.40463975747982717,1.0,2.9251231527093595,2.9251231527093595,0.1282051282051282,1.0,0.1895910780669145
0.153519375094962,-0.18389389391318312,-50.14399834541013,2.8291941864515824,0.4482758620689655,0.25,0.40463975747982717,1.0,2.9251231527093595,2.9251231527093595,0.1282051282051282,1.0,0.1895910780669145
0.16865043332105076,-0.31321740262900505,-61.69996621809189,2.8291941864515824,0.4482758620689655,0.25,0.40463975747982717,1.0,2.9251231527093595,2.9251231527093595,0.1282051282051282,1.0,0.1895910780669145
0.2500455650393635,-0.2762170237556643,-47.84701936932507,2.8291941864515824,0.4482758620689655,0.25,0.40463975747982717,1.0,2.9251231527093595,2.9251231527093595,0.1282051282051282,1.0,0.1895910780669145
0.33460629193039804,-0.3026663706862247,-42.13075302324105,2.8291941864515824,0.4482758620689655,0.25,0.40463975747982717,1.0,2.9251231527093595,2.9251231527093595,0.1282051282051282,1.0,0.1895910780669145
0.3891448557333284,-0.3231081790803803,-39.70295417339985,2.8291941864515824,0.4482758620689655,0.25,0.40463975747982717,1.0,2.9251231527093595,2.9251231527093595,0.1282051282051282,1.0,0.1895910780669145
0.40384150564712423,-0.29952921377025793,-36.564325126631175,2.8291941864515824,0.4482758620689655,0.25,0.40463975747982717,1.0,2.9251231527093595,2.9251231527093595,0.1282051282051282,1.0,0.1895910780669145
0.40150072545038623,-0.34364886645550113,-40.56058072603892,2.8291941864515824,0.4482758620689655,0.25,0.40463975747982717,1.0,2.9251231527093595,2.9251231527093595,0.1282051282051282,1.0,0.1895910780669145
0.4215384731388949,-0.4466917385986562,-46.65943656492643,2.8291941864515824,0.4482758620689655,0.25,0.40463975747982717,1.0,2.9251231527093595,2.9251231527093595,0.1282051282051282,1.0,0.1895910780669145
0.3574611847005376,-0.4949104382045963,-54.16037893343929,2.8291941864515824,0.4482758620689655,0.25,0.40463975747982717,1.0,2.9251231527093595,2.9251231527093595,0.1282051282051282,1.0,0.1895910780669145
0.3612014808186537,-0.4656730073643739,-52.20088571654642,2.8291941864515824,0.4482758620689655,0.25,0.40463975747982717,1.0,2.9251231527093595,2.9251231527093595,0.1282051282051282,1.0,0.1895910780669145
0.4400001245598205,-0.4801811557514456,-47.50031377201122,2.8291941864515824,0.4482758620689655,0.25,0.40463975747982717,1.0,2.9251231527093595,2.9251231527093595,0.1282051282051282,1.0,0.1895910780669145
0.45147971750835836,-0.46839110177201887,-46.053236802840566,2.8291941864515824,0.4482758620689655,0.25,0.40463975747982717,1.0,2.9251231527093595,2.9251231527093595,0.1282051282051282,1.0,0.1895910780669145
0.45188696234516695,-0.4914208400784299,-47.399852467079164,2.8291941864515824,0.4482758620689655,0.25,0.40463975747982717,1.0,2.9251231527093595,2.9251231527093595,0.1282051282051282,1.0,0.1895910780669145
0.4933307802994645,-0.4757835526838647,-43.962689744138686,2.8291941864515824,0.4482758620689655,0.25,0.40463975747982717,1.0,2.9251231527093595,2.9251231527093595,0.1282051282051282,1.0,0.1895910780669145
0.4113676408218815,-0.40802660110958,-44.76638057231893,2.8291941864515824,0.4482758620689655,0.25,0.40463975747982717,1.0,2.9251231527093595,2.9251231527093595,0.1282051282051282,1.0,0.1895910780669145
0.39764209718937515,-0.4060565436949479,-45.599845057562824,2.8291941864515824,0.4482758620689655,0.25,0.40463975747982717,1.0,2.9251231527093595,2.9251231527093595,0.1282051282051282,1.0,0.1895910780669145
0.44283237632289657,-0.37531056191578477,-40.282038287747696,2.8291941864515824,0.4482758620689655,0.25,0.40463975747982717,1.0,2.9251231527093595,2.9251231527093595,0.1282051282051282,1.0,0.1895910780669145
0.4340010902018013,-0.3281212834507059,-37.090663183436305,2.8291941864515824,0.4482758620689655,0.25,0.40463975747982717,1.0,2.9251231527093595,2.9251231527093595,0.1282051282051282,1.0,0.1895910780669145
0.42272772495323474,-0.34370419828758497,-39.11327791373283,2.8291941864515824,0.4482758620689655,0.25,0.40463975747982717,1.0,2.9251231527093595,2.9251231527093595,0.1282051282051282,1.0,0.1895910780669145
0.44188346640399023,-0.30615140282891606,-34.71549079002008,2.8291941864515824,0.4482758620689655,0.25,0.40463975747982717,1.0,2.9251231527093595,2.9251231527093595,0.1282051282051282,1.0,0.1895910780669145
0.5107773400355011,-0.2009664021764759,-21.477259739452133,2.8291941864515824,0.4482758620689655,0.25,0.40463975747982717,1.0,2.9251231527093595,2.9251231527093595,0.1282051282051282,1.0,0.1895910780669145
0.5250121570222934,-0.21673807499217695,-22.43205261655719,2.8291941864515824,0.4482758620689655,0.25,0.40463975747982717,1.0,2.9251231527093595,2.9251231527093595,0.1282051282051282,1.0,0.1895910780669145
0.5413228423759554,-0.21425422399851904,-21.593535101299207,2.8291941864515824,0.4482758620689655,0.25,0.40463975747982717,1.0,2.9251231527093595,2.9251231527093595,0.1282051282051282,1.0,0.1895910780669145
0.5455847314313894,-0.22938075845575925,-22.80339623107631,2.8291941864515824,0.4482758620689655,0.25,0.40463975747982717,1.0,2.9251231527093595,2.9251231527093595,0.1282051282051282,1.0,0.1895910780669145
0.5351610239299269,-0.2287612262069453,-23.14488732896119,2.8291941864515824,0.4482758620689655,0.25,0.40463975747982717,1.0,2.9251231527093595,2.9251231527093595,0.1282051282051282,1.0,0.1895910780669145
0.5291049839173423,-0.20957111542115428,-21.607828715034067,2.8291941864515824,0.4482758620689655,0.25,0.40463975747982717,1.0,2.9251231527093595,2.9251231527093595,0.1282051282051282,1.0,0.1895910780669145
0.5270839465559595,-0.219675120929912,-22.625126644227297,2.8291941864515824,0.4482758620689655,0.25,0.40463975747982717,1.0,2.9251231527093595,2.9251231527093595,0.1282051282051282,1.0,0.1895910780669145
0.5114970857206415,-0.19775796533773574,-21.137787387738317,2.8291941864515824,0.4482758620689655,0.25,0.40463975747982717,1.0,2.9251231527093595,2.9251231527093595,0.1282051282051282,1.0,0.1895910780669145
0.4745158643481339,-0.14716353661454296,-17.230444122034427,2.8291941864515824,0.4482758620689655,0.25,0.40463975747982717,1.0,2.9251231527093595,2.9251231527093595,0.1282051282051282,1.0,0.1895910780669145
0.4816566928306734,-0.12653318024402652,-14.719242707401106,2.8291941864515824,0.4482758620689655,0.25,0.40463975747982717,1.0,2.9251231527093595,2.9251231527093595,0.1282051282051282,1.0,0.1895910780669145
0.4177423387179719,-0.11091420674824558,-14.869455115415324,2.8291941864515824,0.4482758620689655,0.25,0.40463975747982717,1.0,2.9251231527093595,2.9251231527093595,0.1282051282051282,1.0,0.1895910780669145
0.31009990114726504,-0.08576739606641999,-15.460373806726333,2.8291941864515824,0.4482758620689655,0.25,0.40463975747982717,1.0,2.9251231527093595,2.9251231527093595,0.1282051282051282,1.0,0.1895910780669145
0.2818576839050613,-0.09282612111071202,-18.228618750299233,2.8291941864515824,0.4482758620689655,0.25,0.40463975747982717,1.0,2.9251231527093595,2.9251231527093595,0.1282051282051282,1.0,0.1895910780669145
0.2272989004468847,-0.11606949335715755,-27.050990828948667,2.8291941864515824,0.4482758620689655,0.25,0.40463975747982717,1.0,2.9251231527093595,2.9251231527093595,0.1282051282051282,1.0,0.1895910780669145
0.14321201743927536,-0.13113202721784778,-42.4787655213589,2.8291941864515824,0.4482758620689655,0.25,0.40463975747982717,1.0,2.9251231527093595,2.9251231527093595,0.1282051282051282,1.0,0.1895910780669145
0.10664693747570081,-0.11624859806715085,-47.46660268110166,2.8291941864515824,0.4482758620689655,0.25,0.40463975747982717,1.0,2.9251231527093595,2.9251231527093595,0.1282051282051282,1.0,0.1895910780669145
0.07325182692533405,-0.1561590767759352,-64.86944687599342,2.8291941864515824,0.4482758620689655,0.25,0.40463975747982717,1.0,2.9251231527093595,2.9251231527093595,0.1282051282051282,1.0,0.1895910780669145
0.014100292919792007,-0.19878179096275805,-85.94260436436218,2.8291941864515824,0.4482758620689655,0.25,0.40463975747982717,1.0,2.9251231527093595,2.9251231527093595,0.1282051282051282,1.0,0.1895910780669145
-0.015852565037086014,-0.19839219211755338,-94.56852333089567,2.8291941864515824,0.4482758620689655,0.25,0.40463975747982717,1.0,2.9251231527093595,2.9251231527093595,0.1282051282051282,1.0,0.1895910780669145
-0.02867204482088973,-0.2510216887492818,-96.51616341904318,2.8291941864515824,0.4482758620689655,0.25,0.40463975747982717,1.0,2.9251231527093595,2.9251231527093595,0.1282051282051282,1.0,0.1895910780669145
-0.08317012736041862,-0.3558650149188165,-103.15462733737617,2.8291941864515824,0.4482758620689655,0.25,0.40463975747982717,1.0,2.9251231527093595,2.9251231527093595,0.1282051282051282,1.0,0.1895910780669145
-0.09661350372048463,-0.38020206510052074,-104.25771232666105,2.8291941864515824,0.4482758620689655,0.25,0.40463975747982717,1.0,2.9251231527093595,2.9251231527093595,0.1282051282051282,1.0,0.1895910780669145
-0.10188191051986871,-0.41794748000564064,-103.69965027288119,2.8291941864515824,0.4482758620689655,0.25,0.40463975747982717,1.0,2.9251231527093595,2.9251231527093595,0.1282051282051282,1.0,0.1895910780669145
-0.1251845492982443,-0.4750738830823051,-104.76218405399443,2.8291941864515824,0.4482758620689655,0.25,0.40463975747982717,1.0,2.9251231527093595,2.9251231527093595,0.1282051282051282,1.0,0.1895910780669145
-0.14366209520606446,-0.487910310928928,-106.40673051763274,2.8291941864515824,0.4482758620689655,0.25,0.40463975747982717,1.0,2.9251231527093595,2.9251231527093595,0.1282051282051282,1.0,0.1895910780669145
-0.13308077134339774,-0.5041090064068978,-104.78825193016338,2.8291941864515824,0.4482758620689655,0.25,0.40463975747982717,1.0,2.9251231527093595,2.9251231527093595,0.1282051282051282,1.0,0.1895910780669145
-0.136616979071756,-0.5167263388359999,-104.809534198052,2.8291941864515824,0.4482758620689655,0.25,0.40463975747982717,1.0,2.9251231527093595,2.9251231527093595,0.1282051282051282,1.0,0.1895910780669145
-0.13877713181182194,-0.5167927856424712,-105.03133006043991,2.8291941864515824,0.4482758620689655,0.25,0.40463975747982717,1.0,2.9251231527093595,2.9251231527093595,0.1282051282051282,1.0,0.1895910780669145
-0.1302912914730001,-0.5245076699125247,-103.95029932151128,2.8291941864515824,0.4482758620689655,0.25,0.40463975747982717,1.0,2.9251231527093595,2.9251231527093595,0.1282051282051282,1.0,0.1895910780669145
-0.11952879578320784,-0.5325265132737443,-102.65071555830446,2.8291941864515824,0.4482758620689655,0.25,0.40463975747982717,1.0,2.9251231527093595,2.9251231527093595,0.1282051282051282,1.0,0.1895910780669145
-0.11590620156363715,-0.5367292732802116,-102.18584661930164,2.8291941864515824,0.4482758620689655,0.25,0.40463975747982717,1.0,2.9251231527093595,2.9251231527093595,0.1282051282051282,1.0,0.1895910780669145
-0.09932336267257318,-0.5563347830818661,-100.12246251729736,2.8291941864515824,0.4482758620689655,0.25,0.40463975747982717,1.0,2.9251231527093595,2.9251231527093595,0.1282051282051282,1.0,0.1895910780669145
-0.0784995224527493,-0.5755061797257442,-97.76725832563659,2.8291941864515824,0.4482758620689655,0.25,0.40463975747982717,1.0,2.9251231527093595,2.9251231527093595,0.1282051282051282,1.0,0.1895910780669145
-0.07478254883169666,-0.5823299744125284,-97.31784557562797,2.8291941864515824,0.4482758620689655,0.25,0.40463975747982717,1.0,2.9251231527093595,2.9251231527093595,0.1282051282051282,1.0,0.1895910780669145
-0.06455415373513576,-0.6106929539113254,-96.03412239421128,2.8291941864515824,0.4482758620689655,0.25,0.40463975747982717,1.0,2.9251231527093595,2.9251231527093595,0.1282051282051282,1.0,0.1895910780669145
-0.07381700484639038,-0.6290458333946469,-96.69291147142374,2.8291941864515824,0.4482758620689655,0.25,0.40463975747982717,1.0,2.9251231527093595,2.9251231527093595,0.1282051282051282,1.0,0.1895910780669145
-0.15153635094808626,-0.6631559713557951,-102.87154006504676,2.8291941864515824,0.4482758620689655,0.25,0.40463975747982717,1.0,2.9251231527093595,2.9251231527093595,0.1282051282051282,1.0,0.1895910780669145
-0.1687259207830034,-0.7430581001624489,-102.79319998639157,2.8291941864515824,0.4482758620689655,0.25,0.40463975747982717,1.0,2.9251231527093595,2.9251231527093595,0.1282051282051282,1.0,0.1895910780669145
-0.18925628383278187,-0.8402670364597389,-102.6931166533193,2.8291941864515824,0.4482758620689655,0.25,0.40463975747982717,1.0,2.9251231527093595,2.9251231527093595,0.1282051282051282,1.0,0.1895910780669145
-0.2598803007651767,-0.8558971169569531,-106.89012485079873,2.8291941864515824,0.4482758620689655,0.25,0.40463975747982717,1.0,2.9251231527093595,2.9251231527093595,0.1282051282051282,1.0,0.1895910780669145
-0.2816556115553717,-0.9156251903090986,-107.09842923616047,2.8291941864515824,0.4482758620689655,0.25,0.40463975747982717,1.0,2.9251231527093595,2.9251231527093595,0.1282051282051282,1.0,0.1895910780669145
-0.30545939796248184,-1.0262092812160293,-106.57605772204836,2.8291941864515824,0.4482758620689655,0.25,0.40463975747982717,1.0,2.9251231527093595,2.9251231527093595,0.1282051282051282,1.0,0.1895910780669145
-0.3570164752370846,-1.0538661554679913,-108.71475239704786,2.8291941864515824,0.4482758620689655,0.25,0.40463975747982717,1.0,2.9251231527093595,2.9251231527093595,0.1282051282051282,1.0,0.1895910780669145
-0.3510573195623003,-1.0911105184254932,-107.83522289875918,2.8291941864515824,0.4482758620689655,0.25,0.40463975747982717,1.0,2.9251231527093595,2.9251231527093595,0.1282051282051282,1.0,0.1895910780669145
-0.3592385461511822,-1.152002050237897,-107.31948691898212,2.8291941864515824,0.4482758620689655,0.25,0.40463975747982717,1.0,2.9251231527093595,2.9251231527093595,0.1282051282051282,1.0,0.1895910780669145
-0.36402641239531885,-1.1484013304706253,-107.58785301420554,2.8291941864515824,0.4482758620689655,0.25,0.40463975747982717,1.0,2.9251231527093595,2.9251231527093595,0.1282051282051282,1.0,0.1895910780669145
-0.34159522714625445,-1.1624771430657292,-106.37548503549581,2.8291941864515824,0.4482758620689655,0.25,0.40463975747982717,1.0,2.9251231527093595,2.9251231527093595,0.1282051282051282,1.0,0.1895910780669145
-0.3403226143284448,-1.1792143124703065,-106.09820109038431,2.8291941864515824,0.4482758620689655,0.25,0.40463975747982717,1.0,2.9251231527093595,2.9251231527093595,0.1282051282051282,1.0,0.1895910780669145
-0.3520896848716522,-1.1761640570347425,-106.66529331074203,2.8291941864515824,0.4482758620689655,0.25,0.40463975747982717,1.0,2.9251231527093595,2.9251231527093595,0.1282051282051282,1.0,0.1895910780669145
-0.3451643659838948,-1.180589750419361,-106.29712803089583,2.8291941864515824,0.4482758620689655,0.25,0.40463975747982717,1.0,2.9251231527093595,2.9251231527093595,0.1282051282051282,1.0,0.1895910780669145
-0.3284112637993692,-1.1830380208918159,-105.51465021419313,2.8291941864515824,0.4482758620689655,0.25,0.40463975747982717,1.0,2.9251231527093595,2.9251231527093595,0.1282051282051282,1.0,0.1895910780669145
-0.32483505083152797,-1.1868976490611385,-105.30613469746072,2.8291941864515824,0.4482758620689655,0.25,0.40463975747982717,1.0,2.9251231527093595,2.9251231527093595,0.1282051282051282,1.0,0.1895910780669145
-0.30370841673745863,-1.2109132889562864,-104.0798815661108,2.8291941864515824,0.4482758620689655,0.25,0.40463975747982717,1.0,2.9251231527093595,2.9251231527093595,0.1282051282051282,1.0,0.1895910780669145
-0.2976823555882849,-1.2191026793748618,-103.7220528338413,2.8291941864515824,0.4482758620689655,0.25,0.40463975747982717,1.0,2.9251231527093595,2.9251231527093595,0.1282051282051282,1.0,0.1895910780669145
-0.2984774513169786,-1.2237576411370454,-103.70696002609154,2.8291941864515824,0.4482758620689655,0.25,0.40463975747982717,1.0,2.9251231527093595,2.9251231527093595,0.1282051282051282,1.0,0.1895910780669145
-0.279302119833388,-1.2552509268868006,-102.54435557779472,2.8291941864515824,0.4482758620689655,0.25,0.40463975747982717,1.0,2.9251231527093595,2.9251231527093595,0.1282051282051282,1.0,0.1895910780669145
-0.30583438856293255,-1.2872657024350653,-103.36480177532499,2.8291941864515824,0.4482758620689655,0.25,0.40463975747982717,1.0,2.9251231527093595,2.9251231527093595,0.1282051282051282,1.0,0.1895910780669145
-0.34677157551443744,-1.3325189490540146,-104.58696863912657,2.8291941864515824,0.4482758620689655,0.25,0.40463975747982717,1.0,2.9251231527093595,2.9251231527093595,0.1282051282051282,1.0,0.1895910780669145
-0.3440378221530679,-1.4173819409343709,-103.64341406992378,2.8291941864515824,0.4482758620689655,0.25,0.40463975747982717,1.0,2.9251231527093595,2.9251231527093595,0.1282051282051282,1.0,0.1895910780669145
-0.34351037907891313,-1.4991157655828042,-102.90606568105878,2.8291941864515824,0.4482758620689655,0.25,0.40463975747982717,1.0,2.9251231527093595,2.9251231527093595,0.1282051282051282,1.0,0.1895910780669145
-0.3469778806323908,-1.524779851949583,-102.81987965460797,2.8291941864515824,0.4482758620689655,0.25,0.40463975747982717,1.0,2.9251231527093595,2.9251231527093595,0.1282051282051282,1.0,0.1895910780669145
-0.36442601377621,-1.5855628815462648,-102.94406574544385,2.8291941864515824,0.4482758620689655,0.25,0.40463975747982717,1.0,2.9251231527093595,2.9251231527093595,0.1282051282051282,1.0,0.1895910780669145
-0.37903225808988245,-1.6475765805490752,-102.95572531078311,2.8291941864515824,0.4482758620689655,0.25,0.40463975747982717,1.0,2.9251231527093595,2.9251231527093595,0.1282051282051282,1.0,0.1895910780669145
-0.39767788841547874,-1.651306685413827,-103.54048365856319,2.8291941864515824,0.4482758620689655,0.25,0.40463975747982717,1.0,2.9251231527093595,2.9251231527093595,0.1282051282051282,1.0,0.1895910780669145
-0.3878867045793878,-1.6738429292601347,-103.04710055479033,2.8291941864515824,0.4482758620689655,0.25,0.40463975747982717,1.0,2.9251231527093595,2.9251231527093595,0.1282051282051282,1.0,0.1895910780669145
-0.3860568213074516,-1.7160538269382843,-102.67862641136831,2.8291941864515824,0.4482758620689655,0.25,0.40463975747982717,1.0,2.9251231527093595,2.9251231527093595,0.1282051282051282,1.0,0.1895910780669145
-0.3831016422760556,-1.7196085952782416,-102.55948830665648,2.8291941864515824,0.4482758620689655,0.25,0.40463975747982717,1.0,2.9251231527093595,2.9251231527093595,0.1282051282051282,1.0,0.1895910780669145
-0.3790582529950678,-1.7227016725571935,-102.40944518921597,2.8291941864515824,0.4482758620689655,0.25,0.40463975747982717,1.0,2.9251231527093595,2.9251231527093595,0.1282051282051282,1.0,0.1895910780669145
-0.3867256788992191,-1.7250474605143264,-102.63580054001274,2.8291941864515824,0.4482758620689655,0.25,0.40463975747982717,1.0,2.9251231527093595,2.9251231527093595,0.1282051282051282,1.0,0.1895910780669145
-0.3832904806637278,-1.7275997137087038,-102.50919366365054,2.8291941864515824,0.4482758620689655,0.25,0.40463975747982717,1.0,2.9251231527093595,2.9251231527093595,0.1282051282051282,1.0,0.1895910780669145
-0.3691881843572499,-1.737172580541225,-101.99813037993667,2.8291941864515824,0.4482758620689655,0.25,0.40463975747982717,1.0,2.9251231527093595,2.9251231527093595,0.1282051282051282,1.0,0.1895910780669145
-0.3779084785060376,-1.7358457362243116,-102.28212980511704,2.8291941864515824,0.4482758620689655,0.25,0.40463975747982717,1.0,2.9251231527093595,2.9251231527093595,0.1282051282051282,1.0,0.1895910780669145
-0.3713955448496545,-1.7393401117344542,-102.05317124976007,2.8291941864515824,0.4482758620689655,0.25,0.40463975747982717,1.0,2.9251231527093595,2.9251231527093595,0.1282051282051282,1.0,0.1895910780669145
-0.3552046791564677,-1.7503851945598665,-101.4712299122468,2.8291941864515824,0.4482758620689655,0.25,0.40463975747982717,1.0,2.9251231527093595,2.9251231527093595,0.1282051282051282,1.0,0.1895910780669145
-0.3575625602994414,-1.768189208641276,-101.43216395656796,2.8291941864515824,0.4482758620689655,0.25,0.40463975747982717,1.0,2.9251231527093595,2.9251231527093595,0.1282051282051282,1.0,0.1895910780669145
-0.3475722875455378,-1.775871408183513,-101.07390611140076,2.8291941864515824,0.4482758620689655,0.25,0.40463975747982717,1.0,2.9251231527093595,2.9251231527093595,0.1282051282051282,1.0,0.1895910780669145
-0.3256803600462543,-1.7926954220946707,-100.29667052843067,2.8291941864515824,0.4482758620689655,0.25,0.40463975747982717,1.0,2.9251231527093595,2.9251231527093595,0.1282051282051282,1.0,0.1895910780669145
-0.32078434128601113,-1.8286567646787568,-99.94963469272643,2.8291941864515824,0.4482758620689655,0.25,0.40463975747982717,1.0,2.9251231527093595,2.9251231527093595,0.1282051282051282,1.0,0.1895910780669145
-0.31860993735836857,-1.8272049527876233,-99.89122440769097,2.8291941864515824,0.4482758620689655,0.25,0.40463975747982717,1.0,2.9251231527093595,2.9251231527093595,0.1282051282051282,1.0,0.1895910780669145
-0.2926386910694684,-1.8489076919568144,-98.99396831559223,2.8291941864515824,0.4482758620689655,0.25,0.40463975747982717,1.0,2.9251231527093595,2.9251231527093595,0.1282051282051282,1.0,0.1895910780669145
-0.317620410555513,-1.8626854063495817,-99.6768591418737,2.8291941864515824,0.4482758620689655,0.25,0.40463975747982717,1.0,2.9251231527093595,2.9251231527093595,0.1282051282051282,1.0,0.1895910780669145
-0.3638896924566179,-1.8218346817981415,-101.29549994012402,2.8291941864515824,0.4482758620689655,0.25,0.40463975747982717,1.0,2.9251231527093595,2.9251231527093595,0.1282051282051282,1.0,0.1895910780669145
-0.3012583330414983,-1.8253096320787352,-99.37189825718512,2.8291941864515824,0.4482758620689655,0.25,0.40463975747982717,1.0,2.9251231527093595,2.9251231527093595,0.1282051282051282,1.0,0.1895910780669145
-0.30393667522442386,-1.8686385450518166,-99.23833744540471,2.8291941864515824,0.4482758620689655,0.25,0.40463975747982717,1.0,2.9251231527093595,2.9251231527093595,0.1282051282051282,1.0,0.1895910780669145
-0.3002232040997647,-1.9030281344449202,-98.96513802848774,2.8291941864515824,0.4482758620689655,0.25,0.40463975747982717,1.0,2.9251231527093595,2.9251231527093595,0.1282051282051282,1.0,0.1895910780669145
-0.2931119977760231,-1.9599095832492213,-98.50576321850994,2.8291941864515824,0.4482758620689655,0.25,0.40463975747982717,1.0,2.9251231527093595,2.9251231527093595,0.1282051282051282,1.0,0.1895910780669145
-0.3109720503070225,-1.9714099075646616,-98.96402879861738,2.8291941864515824,0.4482758620689655,0.25,0.40463975747982717,1.0,2.9251231527093595,2.9251231527093595,0.1282051282051282,1.0,0.1895910780669145
-0.3264289789123122,-2.020328243594101,-99.17809000206177,2.8291941864515824,0.4482758620689655,0.25,0.40463975747982717,1.0,2.9251231527093595,2.9251231527093595,0.1282051282051282,1.0,0.1895910780669145
-0.3491523772607173,-2.092474833037627,-99.47315366005836,2.8291941864515824,0.4482758620689655,0.25,0.40463975747982717,1.0,2.9251231527093595,2.9251231527093595,0.1282051282051282,1.0,0.1895910780669145
-0.3528613053261263,-2.1094813234839545,-99.49617408595985,2.8291941864515824,0.4482758620689655,0.25,0.40463975747982717,1.0,2.9251231527093595,2.9251231527093595,0.1282051282051282,1.0,0.1895910780669145
-0.3781739462425033,-2.1317742395010786,-100.05954162322358,2.8291941864515824,0.4482758620689655,0.25,0.40463975747982717,1.0,2.9251231527093595,2.9251231527093595,0.1282051282051282,1.0,0.1895910780669145
-0.44049274714272574,-2.205314693620492,-101.2956875181439,2.8291941864515824,0.4482758620689655,0.25,0.40463975747982717,1.0,2.9251231527093595,2.9251231527093595,0.1282051282051282,1.0,0.1895910780669145
-0.4899103844967591,-2.2396952314462197,-102.3385270461893,2.8291941864515824,0.4482758620689655,0.25,0.40463975747982717,1.0,2.9251231527093595,2.9251231527093595,0.1282051282051282,1.0,0.1895910780669145
-0.5212264252364811,-2.2248854243670912,-103.18496922900343,2.8291941864515824,0.4482758620689655,0.25,0.40463975747982717,1.0,2.9251231527093595,2.9251231527093595,0.1282051282051282,1.0,0.1895910780669145
-0.5842430241963819,-2.2708648945336387,-104.42802265353554,2.8291941864515824,0.4482758620689655,0.25,0.40463975747982717,1.0,2.9251231527093595,2.9251231527093595,0.1282051282051282,1.0,0.1895910780669145
-0.6688448505786677,-2.28970688283404,-106.28357869811093,2.8291941864515824,0.4482758620689655,0.25,0.40463975747982717,1.0,2.9251231527093595,2.9251231527093595,0.1282051282051282,1.0,0.1895910780669145
-0.6988402881041385,-2.256781263194524,-107.20578701636839,2.8291941864515824,0.4482758620689655,0.25,0.40463975747982717,1.0,2.9251231527093595,2.9251231527093595,0.1282051282051282,1.0,0.1895910780669145
-0.7596402772753287,-2.304604699118887,-108.24317447590298,2.8291941864515824,0.4482758620689655,0.25,0.40463975747982717,1.0,2.9251231527093595,2.9251231527093595,0.1282051282051282,1.0,0.1895910780669145
-0.8308625212423344,-2.3091264895085413,-109.78958388114879,2.8291941864515824,0.4482758620689655,0.25,0.40463975747982717,1.0,2.9251231527093595,2.9251231527093595,0.1282051282051282,1.0,0.1895910780669145
-0.8650044469562762,-2.2846617050329607,-110.73735723245873,2.8291941864515824,0.4482758620689655,0.25,0.40463975747982717,1.0,2.9251231527093595,2.9251231527093595,0.1282051282051282,1.0,0.1895910780669145
-0.9076196257999793,-2.3436444892421737,-111.16981500097144,2.8291941864515824,0.4482758620689655,0.25,0.40463975747982717,1.0,2.9251231527093595,2.9251231527093595,0.1282051282051282,1.0,0.1895910780669145
-0.9764679942027826,-2.388936192240508,-112.2320904507977,2.8291941864515824,0.4482758620689655,0.25,0.40463975747982717,1.0,2.9251231527093595,2.9251231527093595,0.1282051282051282,1.0,0.1895910780669145
-0.9948812896611274,-2.3715882590271837,-112.75804952476975,2.8291941864515824,0.4482758620689655,0.25,0.40463975747982717,1.0,2.9251231527093595,2.9251231527093595,0.1282051282051282,1.0,0.1895910780669145
-1.0013001679956623,-2.4341611597448534,-112.35997636542612,2.8291941864515824,0.4482758620689655,0.25,0.40463975747982717,1.0,2.9251231527093595,2.9251231527093595,0.1282051282051282,1.0,0.1895910780669145
-1.0383773624106956,-2.492661075360297,-112.61533233655614,2.8291941864515824,0.4482758620689655,0.25,0.40463975747982717,1.0,2.9251231527093595,2.9251231527093595,0.1282051282051282,1.0,0.1895910780669145
-1.0576766560565576,-2.5040775961560335,-112.89830815490296,2.8291941864515824,0.4482758620689655,0.25,0.40463975747982717,1.0,2.9251231527093595,2.9251231527093595,0.1282051282051282,1.0,0.1895910780669145
-1.0510102678295774,-2.5474468364950953,-112.41976952012345,2.8291941864515824,0.4482758620689655,0.25,0.40463975747982717,1.0,2.9251231527093595,2.9251231527093595,0.1282051282051282,1.0,0.1895910780669145
-1.0427659894187677,-2.616878815840165,-111.7261440195889,2.8291941864515824,0.4482758620689655,0.25,0.40463975747982717,1.0,2.9251231527093595,2.9251231527093595,0.1282051282051282,1.0,0.1895910780669145
-1.0429878113005966,-2.6119827469843298,-111.76726314490006,2.8291941864515824,0.4482758620689655,0.25,0.40463975747982717,1.0,2.9251231527093595,2.9251231527093595,0.1282051282051282,1.0,0.1895910780669145
-1.0229059459211869,-2.623051464780738,-111.30418863060515,2.8291941864515824,0.4482758620689655,0.25,0.40463975747982717,1.0,2.9251231527093595,2.9251231527093595,0.1282051282051282,1.0,0.1895910780669145
-0.9933303183764877,-2.6557268368354925,-110.50747146467398,2.8291941864515824,0.4482758620689655,0.25,0.40463975747982717,1.0,2.9251231527093595,2.9251231527093595,0.1282051282051282,1.0,0.1895910780669145
-0.9873369624796268,-2.654795425662832,-110.40051937791954,2.8291941864515824,0.4482758620689655,0.25,0.40463975747982717,1.0,2.9251231527093595,2.9251231527093595,0.1282051282051282,1.0,0.1895910780669145
-0.9743443438553839,-2.6571444002978115,-110.13740706518813,2.8291941864515824,0.4482758620689655,0.25,0.40463975747982717,1.0,2.9251231527093595,2.9251231527093595,0.1282051282051282,1.0,0.1895910780669145
-0.9716319793876936,-2.6570986694136476,-110.08615367242157,2.8291941864515824,0.4482758620689655,0.25,0.40463975747982717,1.0,2.9251231527093595,2.9251231527093595,0.1282051282051282,1.0,0.1895910780669145
-0.9685454192035806,-2.6579547662460175,-110.02148727878284,2.8291941864515824,0.4482758620689655,0.25,0.40463975747982717,1.0,2.9251231527093595,2.9251231527093595,0.1282051282051282,1.0,0.1895910780669145
-0.9620028668531904,-2.664130152638715,-109.8543747209036,2.8291941864515824,0.4482758620689655,0.25,0.40463975747982717,1.0,2.9251231527093595,2.9251231527093595,0.1282051282051282,1.0,0.1895910780669145
-0.9680437493428454,-2.6584264225307566,-110.00867137726158,2.8291941864515824,0.4482758620689655,0.25,0.40463975747982717,1.0,2.9251231527093595,2.9251231527093595,0.1282051282051282,1.0,0.1895910780669145
